00101101101010001011011010101011110111110100010111
00101101101010001011011010101011110111110100010111
00101101101010001011011010101011110111110100010111
00101101101010001011011010101011110111110100010111
00101101101010001011011010101011110111110100010111
10100010101011101010010101010100101010101011111001
00101101101010001011011010101011110111110100010111
10100010101011101010010101010100101010101011111001
00101101101010001011011010101011110111110100010111
00101101101010001011011010101011110111110100010111
00101101101010001011011010101011110111110100010111
00101101101010001011011010101011110111110100010111
00101101101010001011011010101011110111110100010111
10100010101011101010010101010100101010101011111001
00101101101010001011011010101011110111110100010111
10100010101011101010010101010100101010101011111001
00101101101010001011011010101011110111110100010111
10100010101011101010010101010100101010101011111001
00101101101010001011011010101011110111110100010111
10100010101011101010010101010100101010101011111001
00101101101010001011011010101011110111110100010111
00101101101010001011011010101011110111110100010111
00101101101010001011011010101011110111110100010111
00101101101010001011011010101011110111110100010111
00101101101010001011011010101011110111110100010111
10100010101011101010010101010100101010101011111001
00101101101010001011011010101011110111110100010111
10100010101011101010010101010100101010101011111001
00101101101010001011011010101011110111110100010111
10100010101011101010010101010100101010101011111001
00101101101010001011011010101011110111110100010111
00101101101010001011011010101011110111110100010111
00101101101010001011011010101011110111110100010111
00101101101010001011011010101011110111110100010111
00101101101010001011011010101011110111110100010111
00101101101010001011011010101011110111110100010111
10100010101011101010010101010100101010101011111001
00101101101010001011011010101011110111110100010111
10100010101011101010010101010100101010101011111001
00101101101010001011011010101011110111110100010111
00101101101010001011011010101011110111110100010111
00101101101010001011011010101011110111110100010111
00101101101010001011011010101011110111110100010111
00101101101010001011011010101011110111110100010111
10100010101011101010010101010100101010101011111001
00101101101010001011011010101011110111110100010111
10100010101011101010010101010100101010101011111001
00101101101010001011011010101011110111110100010111
10100010101011101010010101010100101010101011111001
00101101101010001011011010101011110111110100010111